 25
Bana	0.0000	0.7541	0.7255	0.7179	0.7392	0.6729	0.8430	0.6881	0.7214	0.7045	0.7559	0.7110	0.7897	0.7426	0.7588	0.7480	0.7273	0.7274	0.7603	0.7893	0.8188	0.7352	0.7698	0.6860	0.7226
BiaoMin	0.7541	0.0000	0.7880	0.7621	0.7979	0.7546	0.8895	0.7733	0.7957	0.7329	0.6355	0.5642	0.8308	0.7908	0.7898	0.8217	0.8059	0.7808	0.8059	0.8280	0.8524	0.8185	0.8390	0.7653	0.6194
CentralGuizhouChuanqiandian	0.7255	0.7880	0.0000	0.6086	0.6696	0.7064	0.7847	0.7035	0.7309	0.7163	0.7927	0.7809	0.6561	0.6633	0.6933	0.7237	0.7837	0.5841	0.7209	0.7870	0.7646	0.6706	0.7255	0.7844	0.7746
Chuanqiandian	0.7179	0.7621	0.6086	0.0000	0.6977	0.7244	0.7993	0.6789	0.7383	0.7281	0.7803	0.7677	0.5847	0.6523	0.6761	0.7381	0.7941	0.6101	0.7014	0.7948	0.7804	0.6977	0.7386	0.7811	0.7553
Dongnu	0.7392	0.7979	0.6696	0.6977	0.0000	0.7039	0.8034	0.7117	0.7786	0.7185	0.7960	0.7909	0.7409	0.7078	0.6663	0.6265	0.7946	0.6842	0.7229	0.7941	0.7940	0.7065	0.7916	0.8023	0.7662
EasternBahen	0.6729	0.7546	0.7064	0.7244	0.7039	0.0000	0.8304	0.7212	0.7210	0.6894	0.7636	0.7444	0.7742	0.7391	0.7295	0.7479	0.7459	0.7082	0.7811	0.6596	0.8076	0.7411	0.7579	0.7358	0.7384
EasternLuobuohe	0.8430	0.8895	0.7847	0.7993	0.8034	0.8304	0.0000	0.8316	0.8528	0.8588	0.8788	0.8769	0.8339	0.8341	0.8398	0.8417	0.8724	0.7968	0.8513	0.8734	0.5448	0.8302	0.8386	0.8837	0.8662
EasternQiandong	0.6881	0.7733	0.7035	0.6789	0.7117	0.7212	0.8316	0.0000	0.7120	0.7283	0.7873	0.7530	0.7639	0.5046	0.7023	0.7420	0.7756	0.7213	0.5984	0.7711	0.8068	0.6104	0.7431	0.7543	0.7393
EasternXiangxi	0.7214	0.7957	0.7309	0.7383	0.7786	0.7210	0.8528	0.7120	0.0000	0.7622	0.8075	0.7757	0.8052	0.7389	0.7754	0.7897	0.7888	0.7653	0.7899	0.7956	0.8307	0.7318	0.6002	0.7614	0.7954
Jiongnai	0.7045	0.7329	0.7163	0.7281	0.7185	0.6894	0.8588	0.7283	0.7622	0.0000	0.7171	0.6962	0.7909	0.7469	0.7282	0.7326	0.7136	0.7033	0.7646	0.7620	0.8236	0.7491	0.7843	0.6948	0.7054
KimMun	0.7559	0.6355	0.7927	0.7803	0.7960	0.7636	0.8788	0.7873	0.8075	0.7171	0.0000	0.4841	0.8386	0.7819	0.7779	0.8010	0.7946	0.7645	0.8101	0.8271	0.8542	0.8062	0.8253	0.7741	0.5859
Mien	0.7110	0.5642	0.7809	0.7677	0.7909	0.7444	0.8769	0.7530	0.7757	0.6962	0.4841	0.0000	0.8341	0.7807	0.7633	0.7939	0.7861	0.7672	0.8181	0.8027	0.8484	0.7919	0.8148	0.7446	0.5437
NortheastYunnanChuanqiandian	0.7897	0.8308	0.6561	0.5847	0.7409	0.7742	0.8339	0.7639	0.8052	0.7909	0.8386	0.8341	0.0000	0.7546	0.7456	0.7897	0.8389	0.7074	0.7701	0.8373	0.8060	0.7506	0.7934	0.8272	0.8336
NorthernQiandong	0.7426	0.7908	0.6633	0.6523	0.7078	0.7391	0.8341	0.5046	0.7389	0.7469	0.7819	0.7807	0.7546	0.0000	0.7203	0.7483	0.7946	0.7140	0.5872	0.7713	0.8095	0.5290	0.7203	0.7920	0.7754
Numao	0.7588	0.7898	0.6933	0.6761	0.6663	0.7295	0.8398	0.7023	0.7754	0.7282	0.7779	0.7633	0.7456	0.7203	0.0000	0.6999	0.8024	0.6785	0.7183	0.8057	0.8012	0.7277	0.7955	0.8101	0.7660
Nunu	0.7480	0.8217	0.7237	0.7381	0.6265	0.7479	0.8417	0.7420	0.7897	0.7326	0.8010	0.7939	0.7897	0.7483	0.6999	0.0000	0.7988	0.7339	0.7608	0.8392	0.8283	0.7476	0.8109	0.8107	0.7811
She	0.7273	0.8059	0.7837	0.7941	0.7946	0.7459	0.8724	0.7756	0.7888	0.7136	0.7946	0.7861	0.8389	0.7946	0.8024	0.7988	0.0000	0.7835	0.8297	0.8030	0.8522	0.7828	0.8195	0.7323	0.7609
SouthernGuizhouChuanqiandian	0.7274	0.7808	0.5841	0.6101	0.6842	0.7082	0.7968	0.7213	0.7653	0.7033	0.7645	0.7672	0.7074	0.7140	0.6785	0.7339	0.7835	0.0000	0.7431	0.7970	0.7671	0.7131	0.7815	0.7876	0.7417
SouthernQiandong	0.7603	0.8059	0.7209	0.7014	0.7229	0.7811	0.8513	0.5984	0.7899	0.7646	0.8101	0.8181	0.7701	0.5872	0.7183	0.7608	0.8297	0.7431	0.0000	0.7984	0.8297	0.6721	0.7788	0.8158	0.7926
WesternBaheng	0.7893	0.8280	0.7870	0.7948	0.7941	0.6596	0.8734	0.7711	0.7956	0.7620	0.8271	0.8027	0.8373	0.7713	0.8057	0.8392	0.8030	0.7970	0.7984	0.0000	0.8459	0.7977	0.8009	0.7797	0.8082
WesternLuobuohe	0.8188	0.8524	0.7646	0.7804	0.7940	0.8076	0.5448	0.8068	0.8307	0.8236	0.8542	0.8484	0.8060	0.8095	0.8012	0.8283	0.8522	0.7671	0.8297	0.8459	0.0000	0.8102	0.8274	0.8556	0.8452
WesternQiandong	0.7352	0.8185	0.6706	0.6977	0.7065	0.7411	0.8302	0.6104	0.7318	0.7491	0.8062	0.7919	0.7506	0.5290	0.7277	0.7476	0.7828	0.7131	0.6721	0.7977	0.8102	0.0000	0.7401	0.7837	0.7914
WesternXiangxi	0.7698	0.8390	0.7255	0.7386	0.7916	0.7579	0.8386	0.7431	0.6002	0.7843	0.8253	0.8148	0.7934	0.7203	0.7955	0.8109	0.8195	0.7815	0.7788	0.8009	0.8274	0.7401	0.0000	0.8011	0.8256
Younuo	0.6860	0.7653	0.7844	0.7811	0.8023	0.7358	0.8837	0.7543	0.7614	0.6948	0.7741	0.7446	0.8272	0.7920	0.8101	0.8107	0.7323	0.7876	0.8158	0.7797	0.8556	0.7837	0.8011	0.0000	0.7387
ZaoMin	0.7226	0.6194	0.7746	0.7553	0.7662	0.7384	0.8662	0.7393	0.7954	0.7054	0.5859	0.5437	0.8336	0.7754	0.7660	0.7811	0.7609	0.7417	0.7926	0.8082	0.8452	0.7914	0.8256	0.7387	0.0000
# # Created using the LexStat class of LingPy-2.6.6
